tau_delta =0.1;% 0.2;
tau_lambda_r =0.05;% 0.1;

m = 1039;
lf = 1.283;
lr = 1.307;
h = 0.589;
Jz = 1294;


Pacejka_params = [ 6.8488 1.4601 1.0  -3.6121 ];               
Pacejka_params = [ 11.415 1.4601 0.6  -0.20939];              
%Pacejka_params = [ 15.289 1.0901 0.6   0.86215];               
%Pacejka_params = [ 1.5289 1.0901 0.6  -0.95084]; 