p00 =       15.46;%  (14.87, 16.05)
p10 =      -699.4;%  (-707.9, -690.8)
p01 =       108.9;%  (90.98, 126.8)
p20 =       -2626;%  (-2658, -2594)
p11 =        3975;%  (3854, 4095)
p02 =       -1602;%  (-1790, -1414)
p30 =       -4957;%  (-5057, -4857)
p21 =        9505;%  (9322, 9688)
p12 =       -9802;%  (-1.045e+04, -9158)
p03 =        7222;%  (6351, 8092)
p40 =       -4528;%  (-4692, -4365)
p31 =   1.098e+04;%  (1.074e+04, 1.122e+04)
p22 =  -1.216e+04;%  (-1.265e+04, -1.167e+04)
p13 =   1.233e+04;%  (1.081e+04, 1.384e+04)
p04 =  -1.384e+04;%  (-1.566e+04, -1.201e+04)
p50 =       -1585;%  (-1691, -1478)
p41 =        4835;%  (4649, 5021)
p32 =       -5927;%  (-6236, -5619)
p23 =        5938;%  (5337, 6539)
p14 =       -6269;%  (-7612, -4926)
p05 =        9663;%  (8253, 1.107e+04)

params = [p00 p01 p02 p03 p04 p05 p10 p11 p12 p13 p14 p20 p21 p22 p23 p30 p31 p32 p40 p41 p50];

p00_delta =   -0.006313 ;% (-0.006896, -0.00573)
p10_delta =      0.6077 ;% (0.594, 0.6215)
p01_delta =      0.2875 ;% (0.2849, 0.2901)
p20_delta =       7.511 ;% (7.399, 7.622)
p11_delta =     -0.6218 ;% (-0.6727, -0.5709)
p30_delta =       30.79 ;% (30.41, 31.18)
p21_delta =      -9.389 ;% (-9.695, -9.082)
p40_delta =       44.14 ;% (43.54, 44.74)
p31_delta =      -22.62 ;% (-23.31, -21.93)
p50_delta =       22.01 ;% (21.65, 22.36)
p41_delta =      -16.36 ;% (-16.87, -15.85)

params_delta = [p00_delta p01_delta p10_delta p11_delta p20_delta p21_delta p30_delta p31_delta p40_delta p41_delta p50_delta];

p00_lambda =    0.003737 ;%  (0.002766, 0.004708)
p10_lambda =      0.1443 ;%  (0.14, 0.1487)
p01_lambda =     0.06823 ;%  (0.06499, 0.07148)
p20_lambda =       2.183 ;%  (2.177, 2.188)
p11_lambda =     -0.2336 ;%  (-0.2416, -0.2256)

params_lambda = [p00_lambda p01_lambda p10_lambda p11_lambda p20_lambda ];